7
6 7
0 0 0 N
141095 24 0 N
6380781 11 0 Y
0 0 0 Y
7435420 93 0 N
14113355 44 225 Y
1 6 107479
1 4 44311
2 3 133386
4 6 197405
1 3 122756
3 6 160656
5 6 247682
7 7
1119367 190 0 N
7474029 19 0 Y
8566747 211 0 Y
0 0 0 N
0 0 0 N
15007006 173 159 N
0 0 199 N
4 7 61218
4 5 75315
2 7 16923
1 3 13113
1 2 65667
5 7 76928
2 6 15975
6 9
0 0 181 N
16201358 240 91 N
2364270 222 0 Y
0 0 0 N
0 0 0 N
0 0 177 N
4 5 49067
3 6 88903
2 4 482
1 5 44060
1 4 74994
2 6 138172
1 6 35113
1 3 121186
1 2 32254
4 4
3592388 113 264 Y
3755862 392 0 N
0 0 0 N
0 0 0 Y
2 3 13175
1 2 13316
3 4 9007
1 3 13660
8 8
11712255 50 0 Y
0 0 0 N
13690911 552 0 N
0 0 69 N
5558897 697 163 N
9949126 540 0 N
0 0 126 N
5432307 154 0 Y
3 5 45293
3 8 21565
5 7 15312
1 3 25126
2 4 29459
2 3 24100
1 8 32660
1 7 40114
3 1
0 0 0 Y
0 0 100 Y
2688840 665 289 N
2 3 8386
